-*-------------  Report Scenario 2  ------------------*-
 |--> Truck Details: 
 |        Number of Trucks: 20
 |        Percentage of Trucks used: 75%
 |--> Deliveries: 
 |        Number of Deliveries: 400
 |        Delivered: 71%
 |--> Balance: 
 |        Truck Cost: 227927$
 |        Total profit: 112395$
-*-------------  Truck Distribution  -----------------*-
 |--> Truck 1 : 
 |        Remaining Volume : 34
 |        Remaining Weight : 8
 |        Cost : 14015
 |        --> Distribution : (Volume,Weight,Reward)
 |                16 29 1883
 |                26 6 1156
 |                25 16 1200
 |                28 6 1065
 |                16 28 1863
 |                29 29 1019
 |                29 13 1014
 |                19 13 1537
 |                19 29 1523
 |                16 26 1789
 |                23 29 1232
 |                19 16 1489
 |                29 29 969
 |                16 29 1739
 |--> Truck 2 : 
 |        Remaining Volume : 38
 |        Remaining Weight : 7
 |        Cost : 16543
 |        --> Distribution : (Volume,Weight,Reward)
 |                16 29 1730
 |                16 13 1718
 |                19 22 1440
 |                19 19 1437
 |                22 10 1233
 |                16 29 1694
 |                22 25 1227
 |                28 25 952
 |                20 23 1325
 |                16 16 1633
 |                22 16 1175
 |                13 6 1987
 |                19 16 1351
 |                13 20 1951
 |                16 22 1579
 |                26 20 971
 |                19 16 1319
 |                13 20 1925
 |                20 23 1236
 |--> Truck 3 : 
 |        Remaining Volume : 11
 |        Remaining Weight : 55
 |        Cost : 15556
 |        --> Distribution : (Volume,Weight,Reward)
 |                16 10 1508
 |                20 16 1200
 |                19 25 1263
 |                19 22 1260
 |                13 16 1838
 |                22 10 1079
 |                16 13 1477
 |                13 16 1785
 |                28 19 828
 |                28 16 827
 |                19 6 1204
 |                19 22 1200
 |                23 7 983
 |                13 13 1714
 |                13 23 1714
 |                29 29 763
 |                22 28 1002
 |                23 29 957
 |--> Truck 4 : 
 |        Remaining Volume : 6
 |        Remaining Weight : 16
 |        Cost : 16790
 |        --> Distribution : (Volume,Weight,Reward)
 |                22 16 982
 |                23 7 936
 |                25 22 861
 |                16 6 1332
 |                20 13 1054
 |                19 6 1108
 |                13 10 1614
 |                29 26 719
 |                23 23 881
 |                26 6 774
 |                19 9 1059
 |                22 25 914
 |                23 16 868
 |                19 13 1040
 |                13 29 1511
 |                19 16 1012
 |                13 6 1475
 |                16 19 1193
 |                13 25 1467
 |                16 6 1188
 |--> Truck 5 : 
 |        Remaining Volume : 7
 |        Remaining Weight : 100
 |        Cost : 13956
 |        --> Distribution : (Volume,Weight,Reward)
 |                26 26 716
 |                10 10 1856
 |                10 26 1843
 |                25 28 724
 |                10 7 1801
 |                16 13 1121
 |                20 7 894
 |                10 6 1765
 |                10 6 1747
 |                16 29 1083
 |                22 19 783
 |                20 16 851
 |                10 22 1694
 |                29 16 584
 |                19 13 884
 |                20 16 823
 |                10 3 1641
 |                25 6 653
 |                13 29 1255
 |--> Truck 6 : 
 |        Remaining Volume : 18
 |        Remaining Weight : 65
 |        Cost : 14342
 |        --> Distribution : (Volume,Weight,Reward)
 |                29 22 561
 |                19 25 854
 |                25 6 647
 |                19 25 844
 |                16 29 1002
 |                19 26 836
 |                26 29 610
 |                22 13 709
 |                25 16 620
 |                25 13 609
 |                22 6 683
 |                16 28 935
 |                26 10 574
 |                19 3 784
 |                10 29 1488
 |--> Truck 7 : 
 |        Remaining Volume : 103
 |        Remaining Weight : 9
 |        Cost : 16090
 |        --> Distribution : (Volume,Weight,Reward)
 |                19 3 762
 |                22 16 644
 |                16 16 878
 |                29 10 483
 |                16 28 875
 |                19 22 735
 |                13 26 1073
 |                13 6 1062
 |                22 22 626
 |                9 25 1529
 |                25 13 546
 |                16 3 836
 |                13 25 1026
 |                22 19 602
 |                9 6 1467
 |                10 13 1315
 |--> Truck 8 : 
 |        Remaining Volume : 1
 |        Remaining Weight : 1
 |        Cost : 13865
 |        --> Distribution : (Volume,Weight,Reward)
 |                13 13 1008
 |                25 28 521
 |                9 13 1442
 |                26 26 496
 |                10 10 1285
 |                10 19 1278
 |                7 3 1823
 |                20 13 636
 |                13 13 967
 |                16 16 772
 |                10 26 1229
 |                19 3 638
 |                16 6 755
 |                10 23 1205
 |                10 16 1202
 |                10 29 1194
 |                16 23 746
 |                13 23 916
 |                25 22 471
 |                7 10 1672
 |                9 19 1281
 |                6 6 1921
 |                7 10 1630
 |--> Truck 9 : 
 |        Remaining Volume : 111
 |        Remaining Weight : 3
 |        Cost : 15168
 |        --> Distribution : (Volume,Weight,Reward)
 |                16 16 706
 |                16 3 704
 |                7 3 1607
 |                6 29 1859
 |                7 20 1577
 |                6 28 1820
 |                6 29 1800
 |                16 13 671
 |                7 7 1524
 |                13 9 820
 |                10 29 1065
 |                22 3 480
 |                26 16 403
 |                16 13 654
 |                22 19 470
 |                13 3 795
 |                6 13 1713
 |                9 9 1137
 |--> Truck 10 : 
 |        Remaining Volume : 69
 |        Remaining Weight : 13
 |        Cost : 13044
 |        --> Distribution : (Volume,Weight,Reward)
 |                19 3 522
 |                19 28 512
 |                13 10 738
 |                6 19 1591
 |                6 10 1572
 |                13 29 719
 |                25 25 371
 |                28 22 330
 |                19 28 486
 |                28 16 327
 |                7 23 1303
 |                13 3 699
 |                13 3 690
 |                7 26 1257
 |--> Truck 11 : 
 |        Remaining Volume : 10
 |        Remaining Weight : 18
 |        Cost : 15531
 |        --> Distribution : (Volume,Weight,Reward)
 |                6 6 1445
 |                16 29 533
 |                20 20 418
 |                13 10 629
 |                6 3 1347
 |                13 3 621
 |                13 10 606
 |                16 22 491
 |                20 7 386
 |                13 22 590
 |                9 25 849
 |                22 28 347
 |                16 3 477
 |                13 6 580
 |                6 19 1243
 |                22 3 338
 |                9 16 814
 |                13 23 560
 |                6 13 1201
 |                13 25 550
 |                6 19 1185
 |                10 19 709
 |                6 3 1176
 |                29 10 243
 |                9 19 775
 |--> Truck 12 : 
 |        Remaining Volume : 125
 |        Remaining Weight : 5
 |        Cost : 16982
 |        --> Distribution : (Volume,Weight,Reward)
 |                6 26 1143
 |                10 29 676
 |                9 6 748
 |                22 13 293
 |                13 6 490
 |                7 23 907
 |                6 6 1058
 |                26 19 244
 |                16 10 396
 |                22 19 287
 |                7 13 898
 |                13 10 483
 |                19 6 324
 |                6 16 1023
 |                13 3 466
 |                10 10 588
 |                16 13 367
 |                19 26 309
 |--> Truck 13 : 
 |        Remaining Volume : 107
 |        Remaining Weight : 9
 |        Cost : 15136
 |        --> Distribution : (Volume,Weight,Reward)
 |                7 7 828
 |                19 25 305
 |                3 19 1928
 |                3 13 1889
 |                7 10 801
 |                10 10 553
 |                25 28 221
 |                7 16 789
 |                10 3 547
 |                10 6 542
 |                25 6 216
 |                3 16 1796
 |                3 10 1791
 |                7 16 764
 |                3 22 1768
 |                7 29 743
 |                13 26 396
 |                6 29 834
 |                3 22 1662
 |                22 13 226
 |                3 20 1645
 |                6 22 794
 |--> Truck 14 : 
 |        Remaining Volume : 105
 |        Remaining Weight : 8
 |        Cost : 15977
 |        --> Distribution : (Volume,Weight,Reward)
 |                3 7 1565
 |                6 6 779
 |                3 9 1558
 |                16 3 279
 |                7 26 634
 |                3 10 1475
 |                3 16 1456
 |                3 20 1434
 |                3 19 1432
 |                6 10 713
 |                3 23 1410
 |                16 3 262
 |                10 13 419
 |                7 29 598
 |                10 13 414
 |                19 6 217
 |                10 26 410
 |                20 23 204
 |                9 22 452
 |                19 28 213
 |                6 22 666
 |--> Truck 15 : 
 |        Remaining Volume : 105
 |        Remaining Weight : 8
 |        Cost : 14932
 |        --> Distribution : (Volume,Weight,Reward)
 |                3 13 1306
 |                6 16 647
 |                9 9 427
 |                3 20 1263
 |                6 6 631
 |                16 19 234
 |                6 16 618
 |                6 3 615
 |                16 3 227
 |                3 13 1210
 |                6 22 597
 |                7 7 501
 |                10 13 347
 |                6 6 564
 |                6 22 562
 |                3 16 1105
 |                6 19 486
 |                13 6 223
 |                7 20 412
 |                3 19 952
 |                6 10 465
 |                6 3 453
-*----------------------------------------------------*-
